9 0.4208341538853837 0.6606940272120057 0.047129530054229464 0.04429544000636341
9 0.39826426229664025 0.6461139065484145 0.05505111436318444 0.06313634667409058
9 0.3701619881943392 0.6425349205522325 0.05506020472226432 0.06469884667409058
9 0.33655005747618 0.6460508192234596 0.026807939695149587 0.042496582670272606
9 0.32253300927157796 0.6384019512253686 0.055023843285945874 0.05844884667409058
9 0.16893076541989807 0.7222149719128221 0.03926248789975162 0.03482953333863605
9 0.0476097564429077 0.7626865252625942 0.05803975897699054 0.039735209341181486
9 0.050889292547261177 0.7360876625955033 0.0376727168225127 0.03012385200509069
9 0.07030236787922614 0.7561728959261852 0.04397725897699054 0.0395715773392725
9 0.20935629840099362 0.6217513479074134 0.023555674668035032 0.020585220003181703
9 0.1906062984009937 0.6219695239099587 0.020439765027114733 0.0221113573360908
9 0.1515847050168519 0.6153928072485948 0.009493174668035032 0.02042158800127254
9 0.1664057291191529 0.6191263345799131 0.028252265027114733 0.022202264003817973
